0 .60 .7 .85 .9 .95 .975 .99 .995
1 .325 .727 1.963 3.078 6.314 12.706 31.821 63.657
2 .289 .617 1.386 1.886 2.920 4.303 6.965 9.925
3 .277 .584 1.25 1.638 2.353 3.182 4.541 5.841
4 .271 .569 1.19 1.533 2.123 2.776 3.747 4.604
5 .267 .559 1.156 1.476 2.015 2.571 3.365 4.032
6 .265 .553 1.134 1.440 1.943 2.447 3.143 3.707
7 .263 .549 1.119 1.415 1.895 2.365 2.998 3.499
8 .262 .546 1.108 1.397 1.860 2.306 2.896 3.355
9 .261 .543 1.100 1.383 1.833 2.262 2.821 3.250
10 .260 .542 1.093 1.372 1.812 2.228 2.764 3.169
15 .258 .536 1.074 1.341 1.753 2.131 2.602 2.947
20 .257 .533 1.064 1.325 1.725 2.086 2.528 2.845
30 .256 .530 1.055 1.31 1.697 2.042 2.457 2.750
31 .253 .524 1.036 1.282 1.645 1.960 2.326 2.576
